Minimum number of moves = 21
3
3 0 1 
4 8 5 
6 7 2 


3
0 3 1 
4 8 5 
6 7 2 


3
4 3 1 
0 8 5 
6 7 2 


3
4 3 1 
6 8 5 
0 7 2 


3
4 3 1 
6 8 5 
7 0 2 


3
4 3 1 
6 0 5 
7 8 2 


3
4 3 1 
6 5 0 
7 8 2 


3
4 3 1 
6 5 2 
7 8 0 


3
4 3 1 
6 5 2 
7 0 8 


3
4 3 1 
6 0 2 
7 5 8 


3
4 0 1 
6 3 2 
7 5 8 


3
4 1 0 
6 3 2 
7 5 8 


3
4 1 2 
6 3 0 
7 5 8 


3
4 1 2 
6 0 3 
7 5 8 


3
4 1 2 
0 6 3 
7 5 8 


3
0 1 2 
4 6 3 
7 5 8 


3
1 0 2 
4 6 3 
7 5 8 


3
1 2 0 
4 6 3 
7 5 8 


3
1 2 3 
4 6 0 
7 5 8 


3
1 2 3 
4 0 6 
7 5 8 


3
1 2 3 
4 5 6 
7 0 8 


3
1 2 3 
4 5 6 
7 8 0 


